10.00      15.00       0.00       0.80      1.016      0.069      0.074
15.00      20.00       0.00       0.80      1.010      0.014      0.014
20.00      30.00       0.00       0.80      0.987      0.004      0.004
30.00      40.00       0.00       0.80      0.988      0.001      0.001
40.00      50.00       0.00       0.80      0.991      0.001      0.001
50.00     200.00       0.00       0.80      0.989      0.001      0.001
10.00      15.00       0.80       1.44      1.067      0.092      0.105
15.00      20.00       0.80       1.44      0.941      0.018      0.018
20.00      30.00       0.80       1.44      0.962      0.001      0.001
30.00      40.00       0.80       1.44      0.973      0.001      0.001
40.00      50.00       0.80       1.44      0.987      0.001      0.001
50.00     200.00       0.80       1.44      0.985      0.001      0.002
10.00      15.00       1.44       1.56      1.749      0.475      0.914
15.00      20.00       1.44       1.56      0.965      0.068      0.072
20.00      30.00       1.44       1.56      0.939      0.013      0.013
30.00      40.00       1.44       1.56      0.977      0.006      0.006
40.00      50.00       1.44       1.56      0.976      0.004      0.004
50.00     200.00       1.44       1.56      0.997      0.004      0.004
10.00      15.00       1.56       2.00      1.172      0.119      0.134
15.00      20.00       1.56       2.00      1.024      0.028      0.028
20.00      30.00       1.56       2.00      0.993      0.002      0.006
30.00      40.00       1.56       2.00      0.982      0.002      0.002
40.00      50.00       1.56       2.00      0.993      0.001      0.001
50.00     200.00       1.56       2.00      0.994      0.004      0.004
10.00      15.00       2.00       2.50      0.997      0.076      0.081
15.00      20.00       2.00       2.50      1.111      0.033      0.034
20.00      30.00       2.00       2.50      1.027      0.006      0.006
30.00      40.00       2.00       2.50      1.008      0.003      0.003
40.00      50.00       2.00       2.50      1.012      0.001      0.001
50.00     200.00       2.00       2.50      1.006      0.005      0.005
