20.00      30.00       0.00       0.80      0.978      0.001      0.001
30.00      40.00       0.00       0.80      0.991      0.001      0.001
40.00      50.00       0.00       0.80      0.993      0.001      0.001
50.00     200.00       0.00       0.80      0.993      0.001      0.001
20.00      30.00       0.80       1.44      0.980      0.001      0.001
30.00      40.00       0.80       1.44      0.992      0.001      0.001
40.00      50.00       0.80       1.44      0.994      0.001      0.001
50.00     200.00       0.80       1.44      0.995      0.001      0.001
20.00      30.00       1.44       1.56      1.000      0.001      0.001
30.00      40.00       1.44       1.56      1.000      0.001      0.001
40.00      50.00       1.44       1.56      1.000      0.001      0.001
50.00     200.00       1.44       1.56      1.000      0.001      0.001
20.00      30.00       1.56       2.00      0.989      0.001      0.001
30.00      40.00       1.56       2.00      0.995      0.001      0.001
40.00      50.00       1.56       2.00      0.997      0.001      0.001
50.00     200.00       1.56       2.00      0.997      0.001      0.001
20.00      30.00       2.00       2.51      0.984      0.001      0.001
30.00      40.00       2.00       2.51      0.993      0.001      0.001
40.00      50.00       2.00       2.51      0.997      0.001      0.001
50.00     200.00       2.00       2.51      0.996      0.001      0.001