0.0   12.5    0.00    1.50    0.00   1.00  1.00
12.5   15.0    0.00    1.50    0.00   1.00  1.00
15.0   17.5    0.00    1.50    0.00   1.00  1.00
17.5   20.0    0.00    1.50    0.75   1.00  1.00
20.0   22.5    0.00    1.50    0.97   1.00  1.00
22.5   25.0    0.00    1.50    0.97   1.00  1.00
25.0   27.5    0.00    1.50    0.97   1.00  1.00
27.5   30.0    0.00    1.50    0.97   1.00  1.00
30.0   35.0    0.00    1.50    0.97   1.00  1.00
35.0   40.0    0.00    1.50    0.97   1.00  1.00
40.0   50.0    0.00    1.50    0.97   1.00  1.00
50.0   500.0   0.00    1.50    0.97   1.00  1.00
0.0   12.5    1.50    2.50    0.00   1.00  1.00
12.5   15.0    1.50    2.50    0.01   1.00  1.00
15.0   17.5    1.50    2.50    0.16   1.00  1.00
17.5   20.0    1.50    2.50    0.70   1.00  1.00
20.0   22.5    1.50    2.50    0.95   1.00  1.00
22.5   25.0    1.50    2.50    0.98   1.00  1.00
25.0   27.5    1.50    2.50    0.98   1.00  1.00
27.5   30.0    1.50    2.50    0.98   1.00  1.00
30.0   35.0    1.50    2.50    0.98   1.00  1.00
35.0   40.0    1.50    2.50    0.98   1.00  1.00
40.0   50.0    1.50    2.50    0.98   1.00  1.00
50.0   500.0   1.50    2.50    0.98   1.00  1.00