0.00      30.00       0.000     0.800    0.979     0.000      0.000
30.00      40.00       0.000     0.800    0.989     0.000      0.000
40.00      50.00       0.000     0.800    0.992     0.000      0.000
50.00     500.00       0.000     0.800    0.992     0.000      0.000
0.00      30.00       0.800     1.444    0.980     0.001      0.001
30.00      40.00       0.800     1.444    0.989     0.000      0.000
40.00      50.00       0.800     1.444    0.992     0.000      0.000
50.00     500.00       0.800     1.444    0.993     0.000      0.000
0.00      30.00       1.444     1.566    0.982     0.002      0.002
30.00      40.00       1.444     1.566    0.988     0.001      0.001
40.00      50.00       1.444     1.566    0.991     0.001      0.001
50.00     500.00       1.444     1.566    0.993     0.001      0.001
0.00      30.00       1.566     2.000    0.987     0.001      0.001
30.00      40.00       1.566     2.000    0.992     0.000      0.000
40.00      50.00       1.566     2.000    0.994     0.000      0.000
50.00     500.00       1.566     2.000    0.996     0.000      0.000
0.00      30.00       2.000     2.500    0.984     0.001      0.001
30.00      40.00       2.000     2.500    0.990     0.000      0.000
40.00      50.00       2.000     2.500    0.992     0.000      0.000
50.00     500.00       2.000     2.500    0.994     0.000      0.001
